version https://git-lfs.github.com/spec/v1
oid sha256:4aeac174e0c96f5ec4e4ee635799977e979b5484e41fb90ffcf96bd0055c6d63
size 1835
